2022-03-08 14:37:35.513782;M1B_Workflow Entry
2022-03-08 14:37:35.514239;M1B_Workflow.TaskA Entry
2022-03-08 14:37:35.514413;M1B_Workflow.TaskA Executing TimeFunction(TaskA_Input,1)
2022-03-08 14:37:36.519654;M1B_Workflow.TaskA Exit
2022-03-08 14:37:36.520153;M1B_Workflow.FlowA Entry
2022-03-08 14:37:36.520713;M1B_Workflow.FlowA.TaskB Entry
2022-03-08 14:37:36.522338;M1B_Workflow.FlowA.TaskC Entry
2022-03-08 14:37:36.522973;M1B_Workflow.FlowA.TaskC Executing TimeFunction(TaskC_Input,5)
2022-03-08 14:37:36.526711;M1B_Workflow.FlowA.TaskD Entry
2022-03-08 14:37:36.527413;M1B_Workflow.FlowA.TaskD Executing TimeFunction(TaskD_Input,5)
2022-03-08 14:37:36.521358;M1B_Workflow.FlowA.TaskB Executing TimeFunction(TaskB_Input,14)
2022-03-08 14:37:36.530082;M1B_Workflow.FlowA.FlowB Entry
2022-03-08 14:37:36.530642;M1B_Workflow.FlowA.FlowB.TaskE Entry
2022-03-08 14:37:36.530755;M1B_Workflow.FlowA.FlowB.TaskE Executing TimeFunction(TaskE_Input,5)
2022-03-08 14:37:36.535042;M1B_Workflow.FlowA.TaskI Entry
2022-03-08 14:37:36.534138;M1B_Workflow.FlowA.FlowC Entry
2022-03-08 14:37:36.535969;M1B_Workflow.FlowA.FlowC.TaskG Entry
2022-03-08 14:37:36.535555;M1B_Workflow.FlowA.TaskI Executing TimeFunction(TaskI_Input,5)
2022-03-08 14:37:36.536124;M1B_Workflow.FlowA.FlowC.TaskG Executing TimeFunction(TaskG_Input,2)
2022-03-08 14:37:38.541319;M1B_Workflow.FlowA.FlowC.TaskG Exit
2022-03-08 14:37:38.541885;M1B_Workflow.FlowA.FlowC.TaskH Entry
2022-03-08 14:37:38.542068;M1B_Workflow.FlowA.FlowC.TaskH Executing TimeFunction(TaskH_Input,2)
2022-03-08 14:37:40.544258;M1B_Workflow.FlowA.FlowC.TaskH Exit
2022-03-08 14:37:40.544430;M1B_Workflow.FlowA.FlowC Exit
2022-03-08 14:37:41.524891;M1B_Workflow.FlowA.TaskC Exit
2022-03-08 14:37:41.532974;M1B_Workflow.FlowA.TaskD Exit
2022-03-08 14:37:41.533112;M1B_Workflow.FlowA.FlowB.TaskE Exit
2022-03-08 14:37:41.533770;M1B_Workflow.FlowA.FlowB.TaskF Entry
2022-03-08 14:37:41.533896;M1B_Workflow.FlowA.FlowB.TaskF Executing TimeFunction(TaskF_Input,1)
2022-03-08 14:37:41.540962;M1B_Workflow.FlowA.TaskI Exit
2022-03-08 14:37:42.534395;M1B_Workflow.FlowA.FlowB.TaskF Exit
2022-03-08 14:37:42.534788;M1B_Workflow.FlowA.FlowB Exit
2022-03-08 14:37:50.540910;M1B_Workflow.FlowA.TaskB Exit
2022-03-08 14:37:50.542940;M1B_Workflow.FlowA Exit
2022-03-08 14:37:50.543327;M1B_Workflow.TaskZ Entry
2022-03-08 14:37:50.543471;M1B_Workflow.TaskZ Executing TimeFunction(TaskZ_Input,5)
2022-03-08 14:37:55.544989;M1B_Workflow.TaskZ Exit
2022-03-08 14:37:55.545387;M1B_Workflow Exit
